23.70
23.70
23.70
23.70
23.70
23.70
23.70
23.70
23.70
23.70
23.70
23.70
23.70
23.70
23.70
23.70
23.70
23.70
23.70
23.70
23.70
23.70
23.70
23.70
23.70
23.70
23.70
23.70
23.70
23.70
23.70
23.70
23.70
23.69
23.78
23.99
24.30
24.68
25.13
25.63
26.14
26.67
27.18
27.66
28.09
28.45
28.72
28.89
28.93
28.83
28.57
28.13
27.49
26.63
25.56
24.33
23.00
21.61
20.21
18.87
17.64
16.56
15.69
15.03
14.48
13.95
13.35
12.59
11.57
10.20
8.39
6.04
3.16
-0.10
-3.59
-7.16
-10.63
-13.85
-16.67
-18.93
-20.65
-21.94
-22.89
-23.61
-24.19
-24.74
-25.35
-26.12
-27.16
-28.44
-29.91
-31.49
-33.11
-34.68
-36.15
-37.44
-38.46
-39.17
-39.57
-39.68
-39.54
-39.18
-38.62
-37.90
-37.04
-36.08
-35.04
-33.96
-32.86
-31.72
-30.56
-29.37
-28.16
-26.91
-25.65
-24.35
-23.03
-21.69
-20.32
-18.92
-17.51
-16.09
-14.66
-13.23
-11.81
-10.41
-9.02
-7.67
-6.35
-5.07
-3.84
-2.65
-1.52
-0.42
0.64
1.66
2.66
3.63
4.58
5.52
6.44
7.36
8.26
9.14
9.97
10.75
11.45
12.07
12.57
12.95
13.20
13.29
13.21
12.96
12.55
12.01
11.33
10.54
9.64
8.65
7.58
6.44
5.25
4.05
2.85
1.68
0.57
-0.45
-1.35
-2.11
-2.70
-3.12
-3.39
-3.55
-3.65
-3.72
-3.80
-3.93
-4.14
-4.48
-4.98
-5.63
-6.41
-7.26
-8.14
-9.00
-9.81
-10.51
-11.07
-11.44
-11.60
-11.56
-11.36
-11.02
-10.59
-10.08
-9.53
-8.97
-8.43
-7.94
-7.52
-7.17
-6.85
-6.55
-6.22
-5.86
-5.42
-4.89
-4.23
-3.42
-2.42
-1.24
0.12
1.63
3.28
5.04
6.90
8.83
10.82
12.85
14.90
16.94
18.96
20.94
22.86
24.70
26.43
28.05
29.53
30.85
31.98
32.93
33.65
34.13
34.26
34.26
34.26
34.26
34.26
34.26
34.26
34.26
34.26
34.26
34.26
34.26
34.26
34.26
34.26
34.26
34.26
34.26
34.26
34.26
34.26
34.26
34.26
34.26
34.26
34.26
34.26
34.26
34.26
34.26
34.26
34.26
34.26
34.26
34.26
34.26
34.26
34.26
34.26
34.26
34.26
34.26
34.26
34.26
34.26
34.26
34.26
34.26
34.26
34.26
34.26
34.26
34.26
34.26
34.26
34.26
34.26
34.26
34.26
34.26
34.26
34.26
34.26
34.26
34.26
34.26
34.26
34.26
34.26
34.26
34.26
34.26
34.26
34.26
34.26
34.26
34.26
34.26
34.26
34.26
34.26
34.26
34.26
34.26
34.26
34.26
34.26
34.26
34.26
34.26
34.26
34.26
34.26
34.26
34.26
34.26
34.26
34.26
34.26
34.26
34.26
34.26
34.26
34.26
34.26
34.26
34.26
34.26
34.26
34.26
34.26
34.26
34.26
34.26
34.26
34.26
34.26