2.43
2.43
2.43
2.43
2.43
2.43
2.43
2.43
2.43
2.43
2.43
2.43
2.43
2.43
2.43
2.43
2.43
2.43
2.43
2.43
2.43
2.45
2.60
2.86
3.23
3.69
4.23
4.83
5.48
6.18
6.90
7.64
8.38
9.11
9.81
10.48
11.10
11.66
12.14
12.53
12.83
13.01
13.07
13.00
12.82
12.52
12.13
11.65
11.09
10.45
9.74
8.97
8.15
7.29
6.38
5.42
4.43
3.40
2.34
1.25
0.14
-1.01
-2.20
-3.46
-4.81
-6.28
-7.89
-9.67
-11.63
-13.80
-16.18
-18.69
-21.27
-23.85
-26.36
-28.74
-30.92
-32.82
-34.43
-35.79
-36.96
-38.02
-39.01
-40.00
-41.06
-42.24
-43.61
-45.18
-46.90
-48.69
-50.50
-52.25
-53.88
-55.33
-56.53
-57.41
-57.97
-58.25
-58.26
-58.04
-57.62
-57.01
-56.26
-55.40
-54.44
-53.41
-52.35
-51.24
-50.10
-48.94
-47.74
-46.54
-45.31
-44.08
-42.84
-41.61
-40.38
-39.16
-37.95
-36.74
-35.54
-34.33
-33.13
-31.91
-30.70
-29.47
-28.23
-26.97
-25.70
-24.42
-23.13
-21.83
-20.54
-19.27
-18.01
-16.78
-15.58
-14.41
-13.29
-12.22
-11.21
-10.27
-9.40
-8.61
-7.91
-7.31
-6.82
-6.44
-6.19
-6.07
-6.08
-6.25
-6.57
-7.06
-7.72
-8.56
-9.59
-10.82
-12.25
-13.33
-13.33
-13.33
-13.33
-13.33
-13.33
-13.33
-13.33
-13.33
-13.33
-13.33
-13.33
-13.33
-13.33
-13.33
-13.33
-13.33
-13.33
-13.33
-13.33
-13.33
-13.33
-13.33
-13.33
-13.33
-13.33
-13.33
-13.33
-13.33
-13.33
-13.33
-13.33
-13.33
-13.33
-13.33
-13.33
-13.33
-13.33
-13.33
-13.33
-13.33
-13.33
-13.33
-13.33
-13.33
-13.33
-13.33
-13.33
-13.33
-13.33
-13.33
-13.33
-13.33
-13.33
-13.33
-13.33
-13.33
-13.33
-13.33
-13.33
-13.33
-13.33
-13.33
-13.33
-13.33
-13.33
-13.33
-13.33
-13.33
-13.33
-13.33
-13.33
-13.33
-13.33
-13.33
-13.33
-13.33
-13.33
-13.33
-13.33
-13.33
-13.33
-13.33
-13.33
-13.33
-13.33
-13.33
-13.33
-13.33
-13.33
-13.33
-13.33
-13.33
-13.33
-13.33
-13.33
-13.33
-13.33
-13.33
-13.33
-13.33
-13.33
-13.33
-13.33
-13.33
-13.33
-13.33
-13.33
-13.33
-13.33
-13.33
-13.33
-13.33
-13.33
-13.33
-13.33
-13.33
-13.33
-13.33
-13.33
-13.33
-13.33
-13.33
-13.33
-13.33
-13.33
-13.33
-13.33
-13.33
-13.33
-13.33
-13.33
-13.33
-13.33
-13.33
-13.33
-13.33
-13.33
-13.33
-13.33
-13.33
-13.33
-13.33
-13.33
-13.33
-13.33
-13.33
-13.33
-13.33
-13.33
-13.33
-13.33
-13.33
-13.33
-13.33
-13.33
-13.33
-13.33
-13.33
-13.33
-13.33
-13.33
-13.33
-13.33
-13.33
-13.33
-13.33
-13.33
-13.33
-13.33
-13.33
-13.33
-13.33
-13.33
-13.33
-13.33
-13.33
-13.33
-13.33
-13.33
-13.33
-13.33
-13.33
-13.33
-13.33
-13.33
-13.33
-13.33
-13.33
-13.33
-13.33
-13.33
