14.09
14.09
14.09
14.09
14.09
14.09
14.09
14.09
14.09
14.09
14.09
14.09
13.75
13.26
12.86
12.54
12.31
12.16
12.10
12.10
12.19
12.34
12.57
12.86
13.22
13.64
14.11
14.65
15.23
15.87
16.56
17.29
18.07
18.88
19.69
20.48
21.21
21.86
22.38
22.76
22.96
22.95
22.70
22.18
21.43
20.47
19.38
18.19
16.96
15.74
14.57
13.50
12.58
11.81
11.16
10.60
10.10
9.62
9.14
8.63
8.06
7.39
6.61
5.70
4.66
3.47
2.14
0.66
-0.99
-2.81
-4.81
-6.98
-9.27
-11.66
-14.09
-16.55
-18.98
-21.36
-23.63
-25.79
-27.84
-29.79
-31.65
-33.44
-35.18
-36.86
-38.51
-40.13
-41.74
-43.35
-44.97
-46.61
-48.29
-50.02
-51.81
-53.08
-53.08
-53.08
-53.08
-53.08
-53.08
-53.08
-53.08
-53.08
-53.08
-53.08
-53.08
-53.08
-53.08
-53.08
-53.08
-53.08
-53.08
-53.08
-53.08
-53.08
-53.08
-53.08
-53.08
-53.08
-53.08
-53.08
-53.08
-53.08
-53.08
-53.08
-53.08
-53.08
-53.08
-53.08
-53.08
-53.08
-53.08
-53.08
-53.08
-53.08
-53.08
-53.08
-53.08
-53.08
-53.08
-53.08
-53.08
-53.08
-53.08
-53.08
-53.08
-53.08
-53.08
-53.08
-53.08
-53.08
-53.08
-53.08
-53.08
-53.08
-53.08
-53.08
-53.08
-53.08
-53.08
-53.08
-53.08
-53.08
-53.08
-53.08
-53.08
-53.08
-53.08
-53.08
-53.08
-53.08
-53.08
-53.08
-53.08
-53.08
-53.08
-53.08
-53.08
-53.08
-53.08
-53.08
-53.08
-53.08
-53.08
-53.08
-53.08
-53.08
-53.08
-53.08
-53.08
-53.08
-53.08
-53.08
-53.08
-53.08
-53.08
-53.08
-53.08
-53.08
-53.08
-53.08
-53.08
-53.08
-53.08
-53.08
-53.08
-53.08
-53.08
-53.08
-53.08
-53.08
-53.08
-53.08
-53.08
-53.08
-53.08
-53.08
-53.08
-53.08
-53.08
-53.08
-53.08
-53.08
-53.08
-53.08
-53.08
-53.08
-53.08
-53.08
-53.08
-53.08
-53.08
-53.08
-53.08
-53.08
-53.08
-53.08
-53.08
-53.08
-53.08
-53.08
-53.08
-53.08
-53.08
-53.08
-53.08
-53.08
-53.08
-53.08
-53.08
-53.08
-53.08
-53.08
-53.08
-53.08
-53.08
-53.08
-53.08
-53.08
-53.08
-53.08
-53.08
-53.08
-53.08
-53.08
-53.08
-53.08
-53.08
-53.08
-53.08
-53.08
-53.08
-53.08
-53.08
-53.08
-53.08
-53.08
-53.08
-53.08
-53.08
-53.08
-53.08
-53.08
-53.08
-53.08
-53.08
-53.08
-53.08
-53.08
-53.08
-53.08
-53.08
-53.08
-53.08
-53.08
-53.08
-53.08
-53.08
-53.08
-53.08
-53.08
-53.08
-53.08
-53.08
-53.08
-53.08
-53.08
-53.08
-53.08
-53.08
-53.08
-53.08
-53.08
-53.08
-53.08
-53.08
-53.08
-53.08
-53.08
-53.08
-53.08
-53.08
-53.08
-53.08
-53.08
-53.08
-53.08
-53.08
-53.08
-53.08
-53.08
-53.08
-53.08
-53.08
-53.08
-53.08
-53.08
-53.08
-53.08
-53.08
-53.08
-53.08
-53.08
-53.08
-53.08
-53.08
-53.08
-53.08
-53.08
-53.08