-39.06
-39.06
-39.06
-39.06
-39.06
-39.06
-39.06
-39.06
-39.06
-39.06
-39.06
-39.06
-39.06
-39.06
-39.06
-39.06
-39.06
-39.06
-39.06
-39.06
-39.06
-39.06
-39.06
-39.06
-39.06
-39.06
-39.06
-39.06
-39.06
-39.06
-39.06
-39.06
-39.06
-39.06
-39.06
-39.06
-39.06
-39.06
-39.06
-39.06
-39.06
-39.06
-39.06
-39.06
-39.06
-39.06
-39.06
-40.35
-41.74
-43.09
-44.43
-45.75
-47.08
-48.43
-49.80
-51.22
-52.68
-54.22
-55.83
-57.53
-59.33
-61.25
-63.30
-65.48
-67.81
-70.26
-72.78
-75.31
-77.79
-80.16
-82.38
-84.38
-86.12
-87.58
-88.82
-89.87
-90.80
-91.63
-92.42
-93.21
-94.06
-95.00
-96.03
-97.11
-98.19
-99.20
-100.11
-100.86
-101.40
-101.67
-101.62
-101.24
-100.56
-99.62
-98.48
-97.19
-95.80
-94.35
-92.90
-91.50
-90.19
-89.02
-88.04
-87.23
-86.55
-85.97
-85.46
-84.98
-84.50
-83.98
-83.38
-82.68
-81.84
-80.84
-79.68
-78.39
-76.97
-75.45
-73.82
-72.12
-70.35
-68.52
-66.65
-64.76
-62.85
-60.94
-59.03
-57.14
-55.26
-53.41
-51.58
-49.79
-48.04
-46.34
-44.69
-43.10
-41.58
-40.12
-38.73
-37.38
-36.08
-34.80
-33.55
-32.31
-31.08
-29.84
-28.58
-27.31
-25.99
-24.65
-23.27
-21.87
-20.44
-18.99
-17.53
-16.04
-14.55
-13.05
-11.55
-10.04
-8.54
-7.04
-5.56
-4.11
-2.68
-1.29
0.06
1.36
2.60
3.78
4.89
5.92
6.87
7.76
8.59
9.38
10.12
10.84
11.54
12.23
12.93
13.63
14.36
15.10
15.85
16.60
17.33
18.04
18.70
19.32
19.88
20.36
20.77
21.08
21.31
21.45
21.52
21.53
21.48
21.37
21.23
21.04
20.83
20.60
20.34
20.08
19.80
19.51
19.21
18.91
18.61
18.30
18.01
17.71
17.40
17.06
16.66
16.19
15.63
14.97
14.18
13.25
12.16
10.92
9.55
8.10
6.58
5.02
3.45
1.89
0.38
-1.06
-2.44
-3.74
-4.98
-6.15
-7.26
-8.31
-9.30
-10.23
-11.10
-11.94
-12.74
-13.53
-14.32
-15.11
-15.92
-16.77
-17.67
-18.62
-19.61
-20.58
-21.51
-22.34
-23.05
-23.58
-23.90
-23.97
-23.75
-23.25
-22.52
-21.64
-20.69
-19.72
-18.81
-18.03
-17.44
-17.13
-17.15
-17.57
-18.35
-19.38
-20.58
-21.83
-23.04
-24.12
-24.96
-25.46
-25.54
-25.16
-24.39
-23.25
-21.81
-20.10
-18.18
-16.09
-13.88
-11.60
-9.29
-7.00
-4.78
-2.63
-0.56
1.46
3.43
5.37
7.27
9.17
11.06
12.95
14.87
16.81
18.79
20.82
22.90
25.02
27.18
29.39
31.63
33.91
36.23
38.58
40.96
43.37
45.81
48.27
50.76
53.28
55.82
58.38
60.98
63.60
66.25
68.93
71.64
74.38
77.15
79.95
82.79
85.65
88.55
91.49
94.46
97.46
100.50
103.58
106.69
109.84
113.03
116.26
119.53
122.84
126.19
129.36
129.36
129.36
129.36
129.36
129.36
129.36
129.36